===== Bissecao =====
Iter	Valores...
1	0.0	1.0	0.5	-1.375
2	0.0	0.5	0.25	0.765625
3	0.25	0.5	0.375	-0.322265625
4	0.25	0.375	0.3125	0.218017578125
5	0.3125	0.375	0.34375	-0.053131103515625
6	0.3125	0.34375	0.328125	0.08220291137695312
7	0.328125	0.34375	0.3359375	0.01447439193725586
8	0.3359375	0.34375	0.33984375	-0.019343912601470947
9	0.3359375	0.33984375	0.337890625	-0.0024386271834373474
10	0.3359375	0.337890625	0.3369140625	0.006016918458044529
11	0.3369140625	0.337890625	0.33740234375	0.0017889043083414435

Raiz aproximada: 0.33740234375


===== MIL (Ponto Fixo) =====
Iter	Valores...
0	0.0	-0.15	3.0
1	-0.15	-0.36733125	4.3466249999999995
2	-0.36733125	-0.680152070948048	6.256416418960958
3	-0.680152070948048	-1.1204883528747287	8.806725638533614
4	-1.1204883528747287	-1.7043697831195512	11.677628604896451
5	-1.7043697831195512	-2.3737870111428214	13.388344560465413
6	-2.3737870111428214	-2.9231927256216292	10.988114289576162
7	-2.9231927256216292	-3.139687217411431	4.329889835796045
8	-3.139687217411431	-3.155051805850325	0.30729176877787623
9	-3.155051805850325	-3.1545003219534413	-0.01102967793766041
10	-3.1545003219534413	-3.1545239760936523	0.00047308280422697635

Raiz aproximada: -3.1545003219534413


===== Newton-Raphson =====
Iter	Valores...
0	0.0	0.3333333333333333	3.0
1	0.3333333333333333	0.33760683760683763	0.0370370370370372
2	0.33760683760683763	0.3376089559653128	1.834088509511389e-05

Raiz aproximada: 0.33760683760683763


===== Secante =====
Iter	Valores...
0	0.0	1.0	0.375	-0.322265625
1	1.0	0.375	0.33194154488517746	0.04910113796680715
2	0.375	0.33194154488517746	0.33763462072303707	-0.00022220635542025136

Raiz aproximada: 0.375


===== Regula Falsi =====
Iter	Valores...
0	0.0	1.0	0.375	-0.322265625
1	0.0	0.375	0.3386243386243386	-0.008790199294384404
2	0.0	0.3386243386243386	0.33763504551140067	-0.0002258841765376829

Raiz aproximada: 0.33763504551140067


